tensor([[  0,   0,   0,   0,   0,   0,   0,   0,   0,   0,   0,   0,   0,   0,
           0,   0,   0,   0,   0,   0,   0,   0,   0,   0,   0,   0,   0,   0],
        [  0,   0,   0,   0,   0,   0,   0,   0,   0,   0,   0,   0,   0,   0,
           0,   0,   0,   0,   0,   0,   0,   0,   0,   0,   0,   0,   0,   0],
        [  0,   0,   0,   0,   0,   0,   0,   0,   0,   0,   0,   0,   0,   0,
           0,   0,   0,   0,   0,   0,   0,   0,   0,   0,   0,   0,   0,   0],
        [  0,   0,   0,   0,   0,   0,   0,   0,   0,   0,   0,   0,   0,   0,
           0,   0,   0,   0,   0,   0,   0,   0,   0,   0,   0,   0,   0,   0],
        [  0,   0,   0,   0,   0,   0,   0,   0,   0,   0,   0,   0,   0,   0,
           0,   0,   0,   0,   0,   0,   0,   0,   0,   0,   0,   0,   0,   0],
        [  0,   0,   0,   0,   0,   0,   0,   0,   0,   0,   0,   0,   0,   0,
           0,   0,   0,   0,   0,   0,   0,   0,   0,   0,   0,   0,   0,   0],
        [  0,   0,   0,   0,   0,  -2,   2,   6,  -4,   0,  -7,  -1,  -2,   0,
           0,   0,   0,   0,   0,   0,   0,   0,   0,   0,   0,   0,   0,   0],
        [  0,   0,   0,   0,   0,   4,  27,   3,  17,   2,  12,  -1,  -1,  -2,
          -2,  -2,  -2,  -2,  -2,  -2,  -1,  -9,  -4,   0,   0,   0,   0,   0],
        [  0,   0,   0,   0,   0,  14, -35,  -4,   7,  26,  35,  29,  33,  16,
          21,  19,  19,  19,  17,  17,   6,   6,  -5,   0,   0,   0,   0,   0],
        [  0,   0,   0,   0,   0, -28, -58, -36, -13, -18, -10,  -1,   6,   1,
           3,   2,   2,   0,  -3,  19,  17,  18,  16,   0,   0,   0,   0,   0],
        [  0,   0,   0,   0,   0, -11, -25, -14, -11, -29, -36, -36, -38, -14,
         -36, -25, -26, -28,   6, -23,  -8,  21,  31,   0,   0,   0,   0,   0],
        [  0,   0,   0,   0,   0,   0,   0,   0,   0,   0,  -2, -12,  -6,  -3,
         -15,  -8,  -8,   6,   1, -58, -20,  41,  16,   0,   0,   0,   0,   0],
        [  0,   0,   0,   0,   0,   0,   0,   0,   0,   0,   0,   0,   0,   0,
           0,   0,   0,  20, -41, -44,  16,  33,   2,   0,   0,   0,   0,   0],
        [  0,   0,   0,   0,   0,   0,   0,   0,   0,   0,   0,   0,   0,   0,
           0,  -1,  12, -14, -49, -20,  45,  16,   0,   0,   0,   0,   0,   0],
        [  0,   0,   0,   0,   0,   0,   0,   0,   0,   0,   0,   0,   0,   0,
           0,   4,   9, -42, -48,  12,  35,   5,   0,   0,   0,   0,   0,   0],
        [  0,   0,   0,   0,   0,   0,   0,   0,   0,   0,   0,   0,   0,   0,
           0,   3, -20, -49, -11,  47,   9,   0,   0,   0,   0,   0,   0,   0],
        [  0,   0,   0,   0,   0,   0,   0,   0,   0,   0,   0,   0,   0,   0,
          -2,   9, -42, -44,  23,  32,   0,   0,   0,   0,   0,   0,   0,   0],
        [  0,   0,   0,   0,   0,   0,   0,   0,   0,   0,   0,   0,   0,  -2,
          16,  -8, -56, -15,  46,   7,   0,   0,   0,   0,   0,   0,   0,   0],
        [  0,   0,   0,   0,   0,   0,   0,   0,   0,   0,   0,   0,   0,   5,
          14, -49, -39,  25,  31,   0,   0,   0,   0,   0,   0,   0,   0,   0],
        [  0,   0,   0,   0,   0,   0,   0,   0,   0,   0,   0,   0,  -3,  27,
         -44, -42,  -6,  45,   7,   0,   0,   0,   0,   0,   0,   0,   0,   0],
        [  0,   0,   0,   0,   0,   0,   0,   0,   0,   0,   0,   0,  20, -20,
         -42, -32,  35,  26,   0,   0,   0,   0,   0,   0,   0,   0,   0,   0],
        [  0,   0,   0,   0,   0,   0,   0,   0,   0,   0,   0,   1,   6, -58,
         -39,  19,  36,   4,   0,   0,   0,   0,   0,   0,   0,   0,   0,   0],
        [  0,   0,   0,   0,   0,   0,   0,   0,   0,   0,   0,  25, -35, -53,
          -3,  37,  10,   0,   0,   0,   0,   0,   0,   0,   0,   0,   0,   0],
        [  0,   0,   0,   0,   0,   0,   0,   0,   0,  -1,  12, -14, -49, -10,
          31,  17,   0,   0,   0,   0,   0,   0,   0,   0,   0,   0,   0,   0],
        [  0,   0,   0,   0,   0,   0,   0,   0,   0,   4,   6, -42, -24,   1,
          39,  10,   0,   0,   0,   0,   0,   0,   0,   0,   0,   0,   0,   0],
        [  0,   0,   0,   0,   0,   0,   0,   0,   0,   2, -26, -37, -11,  -9,
          50,  12,   0,   0,   0,   0,   0,   0,   0,   0,   0,   0,   0,   0],
        [  0,   0,   0,   0,   0,   0,   0,   0,   0,  -3, -38, -45, -23,  31,
          27,   5,   0,   0,   0,   0,   0,   0,   0,   0,   0,   0,   0,   0],
        [  0,   0,   0,   0,   0,   0,   0,   0,   0, -20, -54, -43,  11,  25,
           2,   0,   0,   0,   0,   0,   0,   0,   0,   0,   0,   0,   0,   0]],
       dtype=torch.int32)